0 0.574777 0.454816 0.022321 0.039722
0 0.609096 0.572493 0.026228 0.066534
0 0.534319 0.658391 0.042969 0.043694
0 0.443359 0.622642 0.044085 0.043694
0 0.444754 0.473684 0.022321 0.059583
0 0.450056 0.400695 0.017299 0.054618
0 0.503348 0.425025 0.018973 0.053625
0 0.568638 0.297418 0.016741 0.048659
0 0.587891 0.300397 0.017299 0.052632
0 0.617188 0.301390 0.017857 0.050645
0 0.351004 0.363952 0.017857 0.056604
0 0.382254 0.277061 0.017857 0.049652
0 0.476842 0.740814 0.027344 0.045680
0 0.494978 0.541212 0.021205 0.061569
0 0.498326 0.505958 0.018973 0.060576
0 0.541853 0.782522 0.044643 0.047666
0 0.398158 0.381827 0.018415 0.052632
