0 0.317243 0.965243 0.019531 0.067527
0 0.398996 0.918073 0.026786 0.080437
0 0.448661 0.862463 0.025670 0.074479
0 0.515625 0.797915 0.022321 0.076465
0 0.527065 0.660377 0.020647 0.063555
0 0.467913 0.289474 0.017299 0.046673
0 0.512556 0.307349 0.015067 0.048659
0 0.615792 0.221450 0.017299 0.045680
0 0.633092 0.222939 0.012835 0.040715
0 0.658203 0.227408 0.013951 0.041708
0 0.455636 0.195631 0.015067 0.043694
0 0.428292 0.273088 0.015067 0.049652
0 0.539900 0.548659 0.016183 0.058590
0 0.549107 0.489076 0.013393 0.056604
